errorblock = 3000.6 0.104803 0.000301639 
errorblock = 3000.7 0.100304 0 
errorblock = 3000.8 0.09659 0 
